// Data on points
102
(

0.0002078
0.0002078
0.00021037
0.00021037
0.00021246
0.00021246
0.00020859
0.00020859
0.00019832
0.00019832
0.00018091
0.00018091
0.00015613
0.00015613
0.00012417
0.00012417
8.595E-05
8.595E-05
4.2945E-05
4.2945E-05
-2.4743E-06
-2.4743E-06
-4.696E-05
-4.696E-05
-8.5925E-05
-8.5925E-05
-0.0001141
-0.0001141
-0.00012663
-0.00012663
-0.00012115
-0.00012115
-0.00010076
-0.00010076
-7.4245E-05
-7.4245E-05
-5.1422E-05
-5.1422E-05
-3.7694E-05
-3.7694E-05
-3.146E-05
-3.146E-05
-2.9232E-05
-2.9232E-05
-2.9615E-05
-2.9615E-05
-3.1594E-05
-3.1594E-05
-3.4599E-05
-3.4599E-05
-3.6277E-05
-3.6277E-05
-3.7707E-05
-3.7707E-05
-4.0238E-05
-4.0238E-05
-4.27E-05
-4.27E-05
-4.6106E-05
-4.6106E-05
-5.001E-05
-5.001E-05
-5.2859E-05
-5.2859E-05
-5.4123E-05
-5.4123E-05
-5.5462E-05
-5.5462E-05
-5.8532E-05
-5.8532E-05
-6.1847E-05
-6.1847E-05
-6.3482E-05
-6.3482E-05
-6.2734E-05
-6.2734E-05
-5.7419E-05
-5.7419E-05
-4.5641E-05
-4.5641E-05
-2.7422E-05
-2.7422E-05
-3.6357E-06
-3.6357E-06
2.4069E-05
2.4069E-05
5.3912E-05
5.3912E-05
8.4309E-05
8.4309E-05
0.00011349
0.00011349
0.00013994
0.00013994
0.00016244
0.00016244
0.00018012
0.00018012
0.00019326
0.00019326
0.00019881
0.00019881

)

// ************************************************************************* //

