// Points
102
(

(0 0 0)
(0 0 0.29)
(0.0030374 0.00049461 0)
(0.0030374 0.00049461 0.29)
(0.0060635 0.0010549 0)
(0.0060635 0.0010549 0.29)
(0.0090797 0.0016656 0)
(0.0090797 0.0016656 0.29)
(0.012089 0.0023119 0)
(0.012089 0.0023119 0.29)
(0.015093 0.0029796 0)
(0.015093 0.0029796 0.29)
(0.018095 0.0036545 0)
(0.018095 0.0036545 0.29)
(0.021099 0.0043229 0)
(0.021099 0.0043229 0.29)
(0.024108 0.0049706 0)
(0.024108 0.0049706 0.29)
(0.027124 0.0055833 0)
(0.027124 0.0055833 0.29)
(0.030149 0.0061464 0)
(0.030149 0.0061464 0.29)
(0.033186 0.0066445 0)
(0.033186 0.0066445 0.29)
(0.036235 0.0070618 0)
(0.036235 0.0070618 0.29)
(0.039296 0.007382 0)
(0.039296 0.007382 0.29)
(0.042366 0.0075881 0)
(0.042366 0.0075881 0.29)
(0.045443 0.0076634 0)
(0.045443 0.0076634 0.29)
(0.048519 0.0075916 0)
(0.048519 0.0075916 0.29)
(0.051586 0.0073478 0)
(0.051586 0.0073478 0.29)
(0.054628 0.0068817 0)
(0.054628 0.0068817 0.29)
(0.057633 0.0062211 0)
(0.057633 0.0062211 0.29)
(0.060599 0.0054028 0)
(0.060599 0.0054028 0.29)
(0.063529 0.0044602 0)
(0.063529 0.0044602 0.29)
(0.066426 0.0034233 0)
(0.066426 0.0034233 0.29)
(0.069298 0.0023185 0)
(0.069298 0.0023185 0.29)
(0.072154 0.00117 0)
(0.072154 0.00117 0.29)
(0.075 -0.000000000099787 0)
(0.075 -0.000000000099787 0.29)
(0.077846 -0.00117 0)
(0.077846 -0.00117 0.29)
(0.080702 -0.0023185 0)
(0.080702 -0.0023185 0.29)
(0.083574 -0.0034233 0)
(0.083574 -0.0034233 0.29)
(0.086471 -0.0044602 0)
(0.086471 -0.0044602 0.29)
(0.089401 -0.0054028 0)
(0.089401 -0.0054028 0.29)
(0.092367 -0.0062211 0)
(0.092367 -0.0062211 0.29)
(0.095372 -0.0068817 0)
(0.095372 -0.0068817 0.29)
(0.098414 -0.0073478 0)
(0.098414 -0.0073478 0.29)
(0.10148 -0.0075916 0)
(0.10148 -0.0075916 0.29)
(0.10456 -0.0076634 0)
(0.10456 -0.0076634 0.29)
(0.10763 -0.0075881 0)
(0.10763 -0.0075881 0.29)
(0.1107 -0.007382 0)
(0.1107 -0.007382 0.29)
(0.11377 -0.0070618 0)
(0.11377 -0.0070618 0.29)
(0.11681 -0.0066445 0)
(0.11681 -0.0066445 0.29)
(0.11985 -0.0061464 0)
(0.11985 -0.0061464 0.29)
(0.12288 -0.0055833 0)
(0.12288 -0.0055833 0.29)
(0.12589 -0.0049706 0)
(0.12589 -0.0049706 0.29)
(0.1289 -0.0043229 0)
(0.1289 -0.0043229 0.29)
(0.13191 -0.0036545 0)
(0.13191 -0.0036545 0.29)
(0.13491 -0.0029796 0)
(0.13491 -0.0029796 0.29)
(0.13791 -0.0023119 0)
(0.13791 -0.0023119 0.29)
(0.14092 -0.0016656 0)
(0.14092 -0.0016656 0.29)
(0.14394 -0.0010549 0)
(0.14394 -0.0010549 0.29)
(0.14696 -0.00049461 0)
(0.14696 -0.00049461 0.29)
(0.15 0 0)
(0.15 0 0.29)

)

// ************************************************************************* //

