/*--------------------------------*- C++ -*----------------------------------*\
  =========                 |
  \\      /  F ield         | OpenFOAM: The Open Source CFD Toolbox
   \\    /   O peration     | Website:  https://openfoam.org
    \\  /    A nd           | Version:  7
     \\/     M anipulation  |
-------------------------------------------------------------------------------
Description
    Writes out values of fields at a specified list of points, interpolated to
    specified boundary patches.

\*---------------------------------------------------------------------------*/

fields (p);

points
(
(0 0 0)
(0 0 0.0193333)
(0 0 0.0386667)
(0 0 0.058)
(0 0 0.0773333)
(0 0 0.0966667)
(0 0 0.116)
(0 0 0.135333)
(0 0 0.154667)
(0 0 0.174)
(0 0 0.193333)
(0 0 0.212667)
(0 0 0.232)
(0 0 0.251333)
(0 0 0.270667)
(0 0 0.29)
(0.00303742 0.000494608 0)
(0.00303742 0.000494608 0.0193333)
(0.00303742 0.000494608 0.0386667)
(0.00303742 0.000494608 0.058)
(0.00303742 0.000494608 0.0773333)
(0.00303742 0.000494608 0.0966667)
(0.00303742 0.000494608 0.116)
(0.00303742 0.000494608 0.135333)
(0.00303742 0.000494608 0.154667)
(0.00303742 0.000494608 0.174)
(0.00303742 0.000494608 0.193333)
(0.00303742 0.000494608 0.212667)
(0.00303742 0.000494608 0.232)
(0.00303742 0.000494608 0.251333)
(0.00303742 0.000494608 0.270667)
(0.00303742 0.000494608 0.29)
(0.00606345 0.0010549 0)
(0.00606345 0.0010549 0.0193333)
(0.00606345 0.0010549 0.0386667)
(0.00606345 0.0010549 0.058)
(0.00606345 0.0010549 0.0773333)
(0.00606345 0.0010549 0.0966667)
(0.00606345 0.0010549 0.116)
(0.00606345 0.0010549 0.135333)
(0.00606345 0.0010549 0.154667)
(0.00606345 0.0010549 0.174)
(0.00606345 0.0010549 0.193333)
(0.00606345 0.0010549 0.212667)
(0.00606345 0.0010549 0.232)
(0.00606345 0.0010549 0.251333)
(0.00606345 0.0010549 0.270667)
(0.00606345 0.0010549 0.29)
(0.00907973 0.00166558 0)
(0.00907973 0.00166558 0.0193333)
(0.00907973 0.00166558 0.0386667)
(0.00907973 0.00166558 0.058)
(0.00907973 0.00166558 0.0773333)
(0.00907973 0.00166558 0.0966667)
(0.00907973 0.00166558 0.116)
(0.00907973 0.00166558 0.135333)
(0.00907973 0.00166558 0.154667)
(0.00907973 0.00166558 0.174)
(0.00907973 0.00166558 0.193333)
(0.00907973 0.00166558 0.212667)
(0.00907973 0.00166558 0.232)
(0.00907973 0.00166558 0.251333)
(0.00907973 0.00166558 0.270667)
(0.00907973 0.00166558 0.29)
(0.0120886 0.0023119 0)
(0.0120886 0.0023119 0.0193333)
(0.0120886 0.0023119 0.0386667)
(0.0120886 0.0023119 0.058)
(0.0120886 0.0023119 0.0773333)
(0.0120886 0.0023119 0.0966667)
(0.0120886 0.0023119 0.116)
(0.0120886 0.0023119 0.135333)
(0.0120886 0.0023119 0.154667)
(0.0120886 0.0023119 0.174)
(0.0120886 0.0023119 0.193333)
(0.0120886 0.0023119 0.212667)
(0.0120886 0.0023119 0.232)
(0.0120886 0.0023119 0.251333)
(0.0120886 0.0023119 0.270667)
(0.0120886 0.0023119 0.29)
(0.0150928 0.00297956 0)
(0.0150928 0.00297956 0.0193333)
(0.0150928 0.00297956 0.0386667)
(0.0150928 0.00297956 0.058)
(0.0150928 0.00297956 0.0773333)
(0.0150928 0.00297956 0.0966667)
(0.0150928 0.00297956 0.116)
(0.0150928 0.00297956 0.135333)
(0.0150928 0.00297956 0.154667)
(0.0150928 0.00297956 0.174)
(0.0150928 0.00297956 0.193333)
(0.0150928 0.00297956 0.212667)
(0.0150928 0.00297956 0.232)
(0.0150928 0.00297956 0.251333)
(0.0150928 0.00297956 0.270667)
(0.0150928 0.00297956 0.29)
(0.0180954 0.00365453 0)
(0.0180954 0.00365453 0.0193333)
(0.0180954 0.00365453 0.0386667)
(0.0180954 0.00365453 0.058)
(0.0180954 0.00365453 0.0773333)
(0.0180954 0.00365453 0.0966667)
(0.0180954 0.00365453 0.116)
(0.0180954 0.00365453 0.135333)
(0.0180954 0.00365453 0.154667)
(0.0180954 0.00365453 0.174)
(0.0180954 0.00365453 0.193333)
(0.0180954 0.00365453 0.212667)
(0.0180954 0.00365453 0.232)
(0.0180954 0.00365453 0.251333)
(0.0180954 0.00365453 0.270667)
(0.0180954 0.00365453 0.29)
(0.0210994 0.00432287 0)
(0.0210994 0.00432287 0.0193333)
(0.0210994 0.00432287 0.0386667)
(0.0210994 0.00432287 0.058)
(0.0210994 0.00432287 0.0773333)
(0.0210994 0.00432287 0.0966667)
(0.0210994 0.00432287 0.116)
(0.0210994 0.00432287 0.135333)
(0.0210994 0.00432287 0.154667)
(0.0210994 0.00432287 0.174)
(0.0210994 0.00432287 0.193333)
(0.0210994 0.00432287 0.212667)
(0.0210994 0.00432287 0.232)
(0.0210994 0.00432287 0.251333)
(0.0210994 0.00432287 0.270667)
(0.0210994 0.00432287 0.29)
(0.024108 0.00497055 0)
(0.024108 0.00497055 0.0193333)
(0.024108 0.00497055 0.0386667)
(0.024108 0.00497055 0.058)
(0.024108 0.00497055 0.0773333)
(0.024108 0.00497055 0.0966667)
(0.024108 0.00497055 0.116)
(0.024108 0.00497055 0.135333)
(0.024108 0.00497055 0.154667)
(0.024108 0.00497055 0.174)
(0.024108 0.00497055 0.193333)
(0.024108 0.00497055 0.212667)
(0.024108 0.00497055 0.232)
(0.024108 0.00497055 0.251333)
(0.024108 0.00497055 0.270667)
(0.024108 0.00497055 0.29)
(0.0271239 0.00558329 0)
(0.0271239 0.00558329 0.0193333)
(0.0271239 0.00558329 0.0386667)
(0.0271239 0.00558329 0.058)
(0.0271239 0.00558329 0.0773333)
(0.0271239 0.00558329 0.0966667)
(0.0271239 0.00558329 0.116)
(0.0271239 0.00558329 0.135333)
(0.0271239 0.00558329 0.154667)
(0.0271239 0.00558329 0.174)
(0.0271239 0.00558329 0.193333)
(0.0271239 0.00558329 0.212667)
(0.0271239 0.00558329 0.232)
(0.0271239 0.00558329 0.251333)
(0.0271239 0.00558329 0.270667)
(0.0271239 0.00558329 0.29)
(0.0301494 0.00614636 0)
(0.0301494 0.00614636 0.0193333)
(0.0301494 0.00614636 0.0386667)
(0.0301494 0.00614636 0.058)
(0.0301494 0.00614636 0.0773333)
(0.0301494 0.00614636 0.0966667)
(0.0301494 0.00614636 0.116)
(0.0301494 0.00614636 0.135333)
(0.0301494 0.00614636 0.154667)
(0.0301494 0.00614636 0.174)
(0.0301494 0.00614636 0.193333)
(0.0301494 0.00614636 0.212667)
(0.0301494 0.00614636 0.232)
(0.0301494 0.00614636 0.251333)
(0.0301494 0.00614636 0.270667)
(0.0301494 0.00614636 0.29)
(0.0331863 0.00664451 0)
(0.0331863 0.00664451 0.0193333)
(0.0331863 0.00664451 0.0386667)
(0.0331863 0.00664451 0.058)
(0.0331863 0.00664451 0.0773333)
(0.0331863 0.00664451 0.0966667)
(0.0331863 0.00664451 0.116)
(0.0331863 0.00664451 0.135333)
(0.0331863 0.00664451 0.154667)
(0.0331863 0.00664451 0.174)
(0.0331863 0.00664451 0.193333)
(0.0331863 0.00664451 0.212667)
(0.0331863 0.00664451 0.232)
(0.0331863 0.00664451 0.251333)
(0.0331863 0.00664451 0.270667)
(0.0331863 0.00664451 0.29)
(0.0362352 0.00706185 0)
(0.0362352 0.00706185 0.0193333)
(0.0362352 0.00706185 0.0386667)
(0.0362352 0.00706185 0.058)
(0.0362352 0.00706185 0.0773333)
(0.0362352 0.00706185 0.0966667)
(0.0362352 0.00706185 0.116)
(0.0362352 0.00706185 0.135333)
(0.0362352 0.00706185 0.154667)
(0.0362352 0.00706185 0.174)
(0.0362352 0.00706185 0.193333)
(0.0362352 0.00706185 0.212667)
(0.0362352 0.00706185 0.232)
(0.0362352 0.00706185 0.251333)
(0.0362352 0.00706185 0.270667)
(0.0362352 0.00706185 0.29)
(0.0392958 0.00738198 0)
(0.0392958 0.00738198 0.0193333)
(0.0392958 0.00738198 0.0386667)
(0.0392958 0.00738198 0.058)
(0.0392958 0.00738198 0.0773333)
(0.0392958 0.00738198 0.0966667)
(0.0392958 0.00738198 0.116)
(0.0392958 0.00738198 0.135333)
(0.0392958 0.00738198 0.154667)
(0.0392958 0.00738198 0.174)
(0.0392958 0.00738198 0.193333)
(0.0392958 0.00738198 0.212667)
(0.0392958 0.00738198 0.232)
(0.0392958 0.00738198 0.251333)
(0.0392958 0.00738198 0.270667)
(0.0392958 0.00738198 0.29)
(0.0423662 0.0075881 0)
(0.0423662 0.0075881 0.0193333)
(0.0423662 0.0075881 0.0386667)
(0.0423662 0.0075881 0.058)
(0.0423662 0.0075881 0.0773333)
(0.0423662 0.0075881 0.0966667)
(0.0423662 0.0075881 0.116)
(0.0423662 0.0075881 0.135333)
(0.0423662 0.0075881 0.154667)
(0.0423662 0.0075881 0.174)
(0.0423662 0.0075881 0.193333)
(0.0423662 0.0075881 0.212667)
(0.0423662 0.0075881 0.232)
(0.0423662 0.0075881 0.251333)
(0.0423662 0.0075881 0.270667)
(0.0423662 0.0075881 0.29)
(0.0454426 0.00766339 0)
(0.0454426 0.00766339 0.0193333)
(0.0454426 0.00766339 0.0386667)
(0.0454426 0.00766339 0.058)
(0.0454426 0.00766339 0.0773333)
(0.0454426 0.00766339 0.0966667)
(0.0454426 0.00766339 0.116)
(0.0454426 0.00766339 0.135333)
(0.0454426 0.00766339 0.154667)
(0.0454426 0.00766339 0.174)
(0.0454426 0.00766339 0.193333)
(0.0454426 0.00766339 0.212667)
(0.0454426 0.00766339 0.232)
(0.0454426 0.00766339 0.251333)
(0.0454426 0.00766339 0.270667)
(0.0454426 0.00766339 0.29)
(0.0485189 0.00759163 0)
(0.0485189 0.00759163 0.0193333)
(0.0485189 0.00759163 0.0386667)
(0.0485189 0.00759163 0.058)
(0.0485189 0.00759163 0.0773333)
(0.0485189 0.00759163 0.0966667)
(0.0485189 0.00759163 0.116)
(0.0485189 0.00759163 0.135333)
(0.0485189 0.00759163 0.154667)
(0.0485189 0.00759163 0.174)
(0.0485189 0.00759163 0.193333)
(0.0485189 0.00759163 0.212667)
(0.0485189 0.00759163 0.232)
(0.0485189 0.00759163 0.251333)
(0.0485189 0.00759163 0.270667)
(0.0485189 0.00759163 0.29)
(0.0515861 0.0073478 0)
(0.0515861 0.0073478 0.0193333)
(0.0515861 0.0073478 0.0386667)
(0.0515861 0.0073478 0.058)
(0.0515861 0.0073478 0.0773333)
(0.0515861 0.0073478 0.0966667)
(0.0515861 0.0073478 0.116)
(0.0515861 0.0073478 0.135333)
(0.0515861 0.0073478 0.154667)
(0.0515861 0.0073478 0.174)
(0.0515861 0.0073478 0.193333)
(0.0515861 0.0073478 0.212667)
(0.0515861 0.0073478 0.232)
(0.0515861 0.0073478 0.251333)
(0.0515861 0.0073478 0.270667)
(0.0515861 0.0073478 0.29)
(0.0546275 0.00688169 0)
(0.0546275 0.00688169 0.0193333)
(0.0546275 0.00688169 0.0386667)
(0.0546275 0.00688169 0.058)
(0.0546275 0.00688169 0.0773333)
(0.0546275 0.00688169 0.0966667)
(0.0546275 0.00688169 0.116)
(0.0546275 0.00688169 0.135333)
(0.0546275 0.00688169 0.154667)
(0.0546275 0.00688169 0.174)
(0.0546275 0.00688169 0.193333)
(0.0546275 0.00688169 0.212667)
(0.0546275 0.00688169 0.232)
(0.0546275 0.00688169 0.251333)
(0.0546275 0.00688169 0.270667)
(0.0546275 0.00688169 0.29)
(0.0576328 0.00622108 0)
(0.0576328 0.00622108 0.0193333)
(0.0576328 0.00622108 0.0386667)
(0.0576328 0.00622108 0.058)
(0.0576328 0.00622108 0.0773333)
(0.0576328 0.00622108 0.0966667)
(0.0576328 0.00622108 0.116)
(0.0576328 0.00622108 0.135333)
(0.0576328 0.00622108 0.154667)
(0.0576328 0.00622108 0.174)
(0.0576328 0.00622108 0.193333)
(0.0576328 0.00622108 0.212667)
(0.0576328 0.00622108 0.232)
(0.0576328 0.00622108 0.251333)
(0.0576328 0.00622108 0.270667)
(0.0576328 0.00622108 0.29)
(0.0605992 0.00540276 0)
(0.0605992 0.00540276 0.0193333)
(0.0605992 0.00540276 0.0386667)
(0.0605992 0.00540276 0.058)
(0.0605992 0.00540276 0.0773333)
(0.0605992 0.00540276 0.0966667)
(0.0605992 0.00540276 0.116)
(0.0605992 0.00540276 0.135333)
(0.0605992 0.00540276 0.154667)
(0.0605992 0.00540276 0.174)
(0.0605992 0.00540276 0.193333)
(0.0605992 0.00540276 0.212667)
(0.0605992 0.00540276 0.232)
(0.0605992 0.00540276 0.251333)
(0.0605992 0.00540276 0.270667)
(0.0605992 0.00540276 0.29)
(0.0635287 0.00446021 0)
(0.0635287 0.00446021 0.0193333)
(0.0635287 0.00446021 0.0386667)
(0.0635287 0.00446021 0.058)
(0.0635287 0.00446021 0.0773333)
(0.0635287 0.00446021 0.0966667)
(0.0635287 0.00446021 0.116)
(0.0635287 0.00446021 0.135333)
(0.0635287 0.00446021 0.154667)
(0.0635287 0.00446021 0.174)
(0.0635287 0.00446021 0.193333)
(0.0635287 0.00446021 0.212667)
(0.0635287 0.00446021 0.232)
(0.0635287 0.00446021 0.251333)
(0.0635287 0.00446021 0.270667)
(0.0635287 0.00446021 0.29)
(0.0664261 0.00342328 0)
(0.0664261 0.00342328 0.0193333)
(0.0664261 0.00342328 0.0386667)
(0.0664261 0.00342328 0.058)
(0.0664261 0.00342328 0.0773333)
(0.0664261 0.00342328 0.0966667)
(0.0664261 0.00342328 0.116)
(0.0664261 0.00342328 0.135333)
(0.0664261 0.00342328 0.154667)
(0.0664261 0.00342328 0.174)
(0.0664261 0.00342328 0.193333)
(0.0664261 0.00342328 0.212667)
(0.0664261 0.00342328 0.232)
(0.0664261 0.00342328 0.251333)
(0.0664261 0.00342328 0.270667)
(0.0664261 0.00342328 0.29)
(0.0692984 0.00231853 0)
(0.0692984 0.00231853 0.0193333)
(0.0692984 0.00231853 0.0386667)
(0.0692984 0.00231853 0.058)
(0.0692984 0.00231853 0.0773333)
(0.0692984 0.00231853 0.0966667)
(0.0692984 0.00231853 0.116)
(0.0692984 0.00231853 0.135333)
(0.0692984 0.00231853 0.154667)
(0.0692984 0.00231853 0.174)
(0.0692984 0.00231853 0.193333)
(0.0692984 0.00231853 0.212667)
(0.0692984 0.00231853 0.232)
(0.0692984 0.00231853 0.251333)
(0.0692984 0.00231853 0.270667)
(0.0692984 0.00231853 0.29)
(0.0721536 0.00117 0)
(0.0721536 0.00117 0.0193333)
(0.0721536 0.00117 0.0386667)
(0.0721536 0.00117 0.058)
(0.0721536 0.00117 0.0773333)
(0.0721536 0.00117 0.0966667)
(0.0721536 0.00117 0.116)
(0.0721536 0.00117 0.135333)
(0.0721536 0.00117 0.154667)
(0.0721536 0.00117 0.174)
(0.0721536 0.00117 0.193333)
(0.0721536 0.00117 0.212667)
(0.0721536 0.00117 0.232)
(0.0721536 0.00117 0.251333)
(0.0721536 0.00117 0.270667)
(0.0721536 0.00117 0.29)
(0.075 -0.0000000000997871 0)
(0.075 -0.0000000000997871 0.0193333)
(0.075 -0.0000000000997871 0.0386667)
(0.075 -0.0000000000997871 0.058)
(0.075 -0.0000000000997871 0.0773333)
(0.075 -0.0000000000997871 0.0966667)
(0.075 -0.0000000000997871 0.116)
(0.075 -0.0000000000997871 0.135333)
(0.075 -0.0000000000997871 0.154667)
(0.075 -0.0000000000997871 0.174)
(0.075 -0.0000000000997871 0.193333)
(0.075 -0.0000000000997871 0.212667)
(0.075 -0.0000000000997871 0.232)
(0.075 -0.0000000000997871 0.251333)
(0.075 -0.0000000000997871 0.270667)
(0.075 -0.0000000000997871 0.29)
(0.0778464 -0.00117 0)
(0.0778464 -0.00117 0.0193333)
(0.0778464 -0.00117 0.0386667)
(0.0778464 -0.00117 0.058)
(0.0778464 -0.00117 0.0773333)
(0.0778464 -0.00117 0.0966667)
(0.0778464 -0.00117 0.116)
(0.0778464 -0.00117 0.135333)
(0.0778464 -0.00117 0.154667)
(0.0778464 -0.00117 0.174)
(0.0778464 -0.00117 0.193333)
(0.0778464 -0.00117 0.212667)
(0.0778464 -0.00117 0.232)
(0.0778464 -0.00117 0.251333)
(0.0778464 -0.00117 0.270667)
(0.0778464 -0.00117 0.29)
(0.0807016 -0.00231853 0)
(0.0807016 -0.00231853 0.0193333)
(0.0807016 -0.00231853 0.0386667)
(0.0807016 -0.00231853 0.058)
(0.0807016 -0.00231853 0.0773333)
(0.0807016 -0.00231853 0.0966667)
(0.0807016 -0.00231853 0.116)
(0.0807016 -0.00231853 0.135333)
(0.0807016 -0.00231853 0.154667)
(0.0807016 -0.00231853 0.174)
(0.0807016 -0.00231853 0.193333)
(0.0807016 -0.00231853 0.212667)
(0.0807016 -0.00231853 0.232)
(0.0807016 -0.00231853 0.251333)
(0.0807016 -0.00231853 0.270667)
(0.0807016 -0.00231853 0.29)
(0.0835739 -0.00342328 0)
(0.0835739 -0.00342328 0.0193333)
(0.0835739 -0.00342328 0.0386667)
(0.0835739 -0.00342328 0.058)
(0.0835739 -0.00342328 0.0773333)
(0.0835739 -0.00342328 0.0966667)
(0.0835739 -0.00342328 0.116)
(0.0835739 -0.00342328 0.135333)
(0.0835739 -0.00342328 0.154667)
(0.0835739 -0.00342328 0.174)
(0.0835739 -0.00342328 0.193333)
(0.0835739 -0.00342328 0.212667)
(0.0835739 -0.00342328 0.232)
(0.0835739 -0.00342328 0.251333)
(0.0835739 -0.00342328 0.270667)
(0.0835739 -0.00342328 0.29)
(0.0864713 -0.00446021 0)
(0.0864713 -0.00446021 0.0193333)
(0.0864713 -0.00446021 0.0386667)
(0.0864713 -0.00446021 0.058)
(0.0864713 -0.00446021 0.0773333)
(0.0864713 -0.00446021 0.0966667)
(0.0864713 -0.00446021 0.116)
(0.0864713 -0.00446021 0.135333)
(0.0864713 -0.00446021 0.154667)
(0.0864713 -0.00446021 0.174)
(0.0864713 -0.00446021 0.193333)
(0.0864713 -0.00446021 0.212667)
(0.0864713 -0.00446021 0.232)
(0.0864713 -0.00446021 0.251333)
(0.0864713 -0.00446021 0.270667)
(0.0864713 -0.00446021 0.29)
(0.0894008 -0.00540276 0)
(0.0894008 -0.00540276 0.0193333)
(0.0894008 -0.00540276 0.0386667)
(0.0894008 -0.00540276 0.058)
(0.0894008 -0.00540276 0.0773333)
(0.0894008 -0.00540276 0.0966667)
(0.0894008 -0.00540276 0.116)
(0.0894008 -0.00540276 0.135333)
(0.0894008 -0.00540276 0.154667)
(0.0894008 -0.00540276 0.174)
(0.0894008 -0.00540276 0.193333)
(0.0894008 -0.00540276 0.212667)
(0.0894008 -0.00540276 0.232)
(0.0894008 -0.00540276 0.251333)
(0.0894008 -0.00540276 0.270667)
(0.0894008 -0.00540276 0.29)
(0.0923672 -0.00622108 0)
(0.0923672 -0.00622108 0.0193333)
(0.0923672 -0.00622108 0.0386667)
(0.0923672 -0.00622108 0.058)
(0.0923672 -0.00622108 0.0773333)
(0.0923672 -0.00622108 0.0966667)
(0.0923672 -0.00622108 0.116)
(0.0923672 -0.00622108 0.135333)
(0.0923672 -0.00622108 0.154667)
(0.0923672 -0.00622108 0.174)
(0.0923672 -0.00622108 0.193333)
(0.0923672 -0.00622108 0.212667)
(0.0923672 -0.00622108 0.232)
(0.0923672 -0.00622108 0.251333)
(0.0923672 -0.00622108 0.270667)
(0.0923672 -0.00622108 0.29)
(0.0953725 -0.00688169 0)
(0.0953725 -0.00688169 0.0193333)
(0.0953725 -0.00688169 0.0386667)
(0.0953725 -0.00688169 0.058)
(0.0953725 -0.00688169 0.0773333)
(0.0953725 -0.00688169 0.0966667)
(0.0953725 -0.00688169 0.116)
(0.0953725 -0.00688169 0.135333)
(0.0953725 -0.00688169 0.154667)
(0.0953725 -0.00688169 0.174)
(0.0953725 -0.00688169 0.193333)
(0.0953725 -0.00688169 0.212667)
(0.0953725 -0.00688169 0.232)
(0.0953725 -0.00688169 0.251333)
(0.0953725 -0.00688169 0.270667)
(0.0953725 -0.00688169 0.29)
(0.0984139 -0.0073478 0)
(0.0984139 -0.0073478 0.0193333)
(0.0984139 -0.0073478 0.0386667)
(0.0984139 -0.0073478 0.058)
(0.0984139 -0.0073478 0.0773333)
(0.0984139 -0.0073478 0.0966667)
(0.0984139 -0.0073478 0.116)
(0.0984139 -0.0073478 0.135333)
(0.0984139 -0.0073478 0.154667)
(0.0984139 -0.0073478 0.174)
(0.0984139 -0.0073478 0.193333)
(0.0984139 -0.0073478 0.212667)
(0.0984139 -0.0073478 0.232)
(0.0984139 -0.0073478 0.251333)
(0.0984139 -0.0073478 0.270667)
(0.0984139 -0.0073478 0.29)
(0.101481 -0.00759163 0)
(0.101481 -0.00759163 0.0193333)
(0.101481 -0.00759163 0.0386667)
(0.101481 -0.00759163 0.058)
(0.101481 -0.00759163 0.0773333)
(0.101481 -0.00759163 0.0966667)
(0.101481 -0.00759163 0.116)
(0.101481 -0.00759163 0.135333)
(0.101481 -0.00759163 0.154667)
(0.101481 -0.00759163 0.174)
(0.101481 -0.00759163 0.193333)
(0.101481 -0.00759163 0.212667)
(0.101481 -0.00759163 0.232)
(0.101481 -0.00759163 0.251333)
(0.101481 -0.00759163 0.270667)
(0.101481 -0.00759163 0.29)
(0.104557 -0.00766339 0)
(0.104557 -0.00766339 0.0193333)
(0.104557 -0.00766339 0.0386667)
(0.104557 -0.00766339 0.058)
(0.104557 -0.00766339 0.0773333)
(0.104557 -0.00766339 0.0966667)
(0.104557 -0.00766339 0.116)
(0.104557 -0.00766339 0.135333)
(0.104557 -0.00766339 0.154667)
(0.104557 -0.00766339 0.174)
(0.104557 -0.00766339 0.193333)
(0.104557 -0.00766339 0.212667)
(0.104557 -0.00766339 0.232)
(0.104557 -0.00766339 0.251333)
(0.104557 -0.00766339 0.270667)
(0.104557 -0.00766339 0.29)
(0.107634 -0.0075881 0)
(0.107634 -0.0075881 0.0193333)
(0.107634 -0.0075881 0.0386667)
(0.107634 -0.0075881 0.058)
(0.107634 -0.0075881 0.0773333)
(0.107634 -0.0075881 0.0966667)
(0.107634 -0.0075881 0.116)
(0.107634 -0.0075881 0.135333)
(0.107634 -0.0075881 0.154667)
(0.107634 -0.0075881 0.174)
(0.107634 -0.0075881 0.193333)
(0.107634 -0.0075881 0.212667)
(0.107634 -0.0075881 0.232)
(0.107634 -0.0075881 0.251333)
(0.107634 -0.0075881 0.270667)
(0.107634 -0.0075881 0.29)
(0.110704 -0.00738198 0)
(0.110704 -0.00738198 0.0193333)
(0.110704 -0.00738198 0.0386667)
(0.110704 -0.00738198 0.058)
(0.110704 -0.00738198 0.0773333)
(0.110704 -0.00738198 0.0966667)
(0.110704 -0.00738198 0.116)
(0.110704 -0.00738198 0.135333)
(0.110704 -0.00738198 0.154667)
(0.110704 -0.00738198 0.174)
(0.110704 -0.00738198 0.193333)
(0.110704 -0.00738198 0.212667)
(0.110704 -0.00738198 0.232)
(0.110704 -0.00738198 0.251333)
(0.110704 -0.00738198 0.270667)
(0.110704 -0.00738198 0.29)
(0.113765 -0.00706185 0)
(0.113765 -0.00706185 0.0193333)
(0.113765 -0.00706185 0.0386667)
(0.113765 -0.00706185 0.058)
(0.113765 -0.00706185 0.0773333)
(0.113765 -0.00706185 0.0966667)
(0.113765 -0.00706185 0.116)
(0.113765 -0.00706185 0.135333)
(0.113765 -0.00706185 0.154667)
(0.113765 -0.00706185 0.174)
(0.113765 -0.00706185 0.193333)
(0.113765 -0.00706185 0.212667)
(0.113765 -0.00706185 0.232)
(0.113765 -0.00706185 0.251333)
(0.113765 -0.00706185 0.270667)
(0.113765 -0.00706185 0.29)
(0.116814 -0.00664451 0)
(0.116814 -0.00664451 0.0193333)
(0.116814 -0.00664451 0.0386667)
(0.116814 -0.00664451 0.058)
(0.116814 -0.00664451 0.0773333)
(0.116814 -0.00664451 0.0966667)
(0.116814 -0.00664451 0.116)
(0.116814 -0.00664451 0.135333)
(0.116814 -0.00664451 0.154667)
(0.116814 -0.00664451 0.174)
(0.116814 -0.00664451 0.193333)
(0.116814 -0.00664451 0.212667)
(0.116814 -0.00664451 0.232)
(0.116814 -0.00664451 0.251333)
(0.116814 -0.00664451 0.270667)
(0.116814 -0.00664451 0.29)
(0.119851 -0.00614636 0)
(0.119851 -0.00614636 0.0193333)
(0.119851 -0.00614636 0.0386667)
(0.119851 -0.00614636 0.058)
(0.119851 -0.00614636 0.0773333)
(0.119851 -0.00614636 0.0966667)
(0.119851 -0.00614636 0.116)
(0.119851 -0.00614636 0.135333)
(0.119851 -0.00614636 0.154667)
(0.119851 -0.00614636 0.174)
(0.119851 -0.00614636 0.193333)
(0.119851 -0.00614636 0.212667)
(0.119851 -0.00614636 0.232)
(0.119851 -0.00614636 0.251333)
(0.119851 -0.00614636 0.270667)
(0.119851 -0.00614636 0.29)
(0.122876 -0.00558329 0)
(0.122876 -0.00558329 0.0193333)
(0.122876 -0.00558329 0.0386667)
(0.122876 -0.00558329 0.058)
(0.122876 -0.00558329 0.0773333)
(0.122876 -0.00558329 0.0966667)
(0.122876 -0.00558329 0.116)
(0.122876 -0.00558329 0.135333)
(0.122876 -0.00558329 0.154667)
(0.122876 -0.00558329 0.174)
(0.122876 -0.00558329 0.193333)
(0.122876 -0.00558329 0.212667)
(0.122876 -0.00558329 0.232)
(0.122876 -0.00558329 0.251333)
(0.122876 -0.00558329 0.270667)
(0.122876 -0.00558329 0.29)
(0.125892 -0.00497055 0)
(0.125892 -0.00497055 0.0193333)
(0.125892 -0.00497055 0.0386667)
(0.125892 -0.00497055 0.058)
(0.125892 -0.00497055 0.0773333)
(0.125892 -0.00497055 0.0966667)
(0.125892 -0.00497055 0.116)
(0.125892 -0.00497055 0.135333)
(0.125892 -0.00497055 0.154667)
(0.125892 -0.00497055 0.174)
(0.125892 -0.00497055 0.193333)
(0.125892 -0.00497055 0.212667)
(0.125892 -0.00497055 0.232)
(0.125892 -0.00497055 0.251333)
(0.125892 -0.00497055 0.270667)
(0.125892 -0.00497055 0.29)
(0.128901 -0.00432287 0)
(0.128901 -0.00432287 0.0193333)
(0.128901 -0.00432287 0.0386667)
(0.128901 -0.00432287 0.058)
(0.128901 -0.00432287 0.0773333)
(0.128901 -0.00432287 0.0966667)
(0.128901 -0.00432287 0.116)
(0.128901 -0.00432287 0.135333)
(0.128901 -0.00432287 0.154667)
(0.128901 -0.00432287 0.174)
(0.128901 -0.00432287 0.193333)
(0.128901 -0.00432287 0.212667)
(0.128901 -0.00432287 0.232)
(0.128901 -0.00432287 0.251333)
(0.128901 -0.00432287 0.270667)
(0.128901 -0.00432287 0.29)
(0.131905 -0.00365453 0)
(0.131905 -0.00365453 0.0193333)
(0.131905 -0.00365453 0.0386667)
(0.131905 -0.00365453 0.058)
(0.131905 -0.00365453 0.0773333)
(0.131905 -0.00365453 0.0966667)
(0.131905 -0.00365453 0.116)
(0.131905 -0.00365453 0.135333)
(0.131905 -0.00365453 0.154667)
(0.131905 -0.00365453 0.174)
(0.131905 -0.00365453 0.193333)
(0.131905 -0.00365453 0.212667)
(0.131905 -0.00365453 0.232)
(0.131905 -0.00365453 0.251333)
(0.131905 -0.00365453 0.270667)
(0.131905 -0.00365453 0.29)
(0.134907 -0.00297956 0)
(0.134907 -0.00297956 0.0193333)
(0.134907 -0.00297956 0.0386667)
(0.134907 -0.00297956 0.058)
(0.134907 -0.00297956 0.0773333)
(0.134907 -0.00297956 0.0966667)
(0.134907 -0.00297956 0.116)
(0.134907 -0.00297956 0.135333)
(0.134907 -0.00297956 0.154667)
(0.134907 -0.00297956 0.174)
(0.134907 -0.00297956 0.193333)
(0.134907 -0.00297956 0.212667)
(0.134907 -0.00297956 0.232)
(0.134907 -0.00297956 0.251333)
(0.134907 -0.00297956 0.270667)
(0.134907 -0.00297956 0.29)
(0.137911 -0.0023119 0)
(0.137911 -0.0023119 0.0193333)
(0.137911 -0.0023119 0.0386667)
(0.137911 -0.0023119 0.058)
(0.137911 -0.0023119 0.0773333)
(0.137911 -0.0023119 0.0966667)
(0.137911 -0.0023119 0.116)
(0.137911 -0.0023119 0.135333)
(0.137911 -0.0023119 0.154667)
(0.137911 -0.0023119 0.174)
(0.137911 -0.0023119 0.193333)
(0.137911 -0.0023119 0.212667)
(0.137911 -0.0023119 0.232)
(0.137911 -0.0023119 0.251333)
(0.137911 -0.0023119 0.270667)
(0.137911 -0.0023119 0.29)
(0.14092 -0.00166558 0)
(0.14092 -0.00166558 0.0193333)
(0.14092 -0.00166558 0.0386667)
(0.14092 -0.00166558 0.058)
(0.14092 -0.00166558 0.0773333)
(0.14092 -0.00166558 0.0966667)
(0.14092 -0.00166558 0.116)
(0.14092 -0.00166558 0.135333)
(0.14092 -0.00166558 0.154667)
(0.14092 -0.00166558 0.174)
(0.14092 -0.00166558 0.193333)
(0.14092 -0.00166558 0.212667)
(0.14092 -0.00166558 0.232)
(0.14092 -0.00166558 0.251333)
(0.14092 -0.00166558 0.270667)
(0.14092 -0.00166558 0.29)
(0.143937 -0.0010549 0)
(0.143937 -0.0010549 0.0193333)
(0.143937 -0.0010549 0.0386667)
(0.143937 -0.0010549 0.058)
(0.143937 -0.0010549 0.0773333)
(0.143937 -0.0010549 0.0966667)
(0.143937 -0.0010549 0.116)
(0.143937 -0.0010549 0.135333)
(0.143937 -0.0010549 0.154667)
(0.143937 -0.0010549 0.174)
(0.143937 -0.0010549 0.193333)
(0.143937 -0.0010549 0.212667)
(0.143937 -0.0010549 0.232)
(0.143937 -0.0010549 0.251333)
(0.143937 -0.0010549 0.270667)
(0.143937 -0.0010549 0.29)
(0.146963 -0.000494608 0)
(0.146963 -0.000494608 0.0193333)
(0.146963 -0.000494608 0.0386667)
(0.146963 -0.000494608 0.058)
(0.146963 -0.000494608 0.0773333)
(0.146963 -0.000494608 0.0966667)
(0.146963 -0.000494608 0.116)
(0.146963 -0.000494608 0.135333)
(0.146963 -0.000494608 0.154667)
(0.146963 -0.000494608 0.174)
(0.146963 -0.000494608 0.193333)
(0.146963 -0.000494608 0.212667)
(0.146963 -0.000494608 0.232)
(0.146963 -0.000494608 0.251333)
(0.146963 -0.000494608 0.270667)
(0.146963 -0.000494608 0.29)
(0.15 0 0)
(0.15 0 0.0193333)
(0.15 0 0.0386667)
(0.15 0 0.058)
(0.15 0 0.0773333)
(0.15 0 0.0966667)
(0.15 0 0.116)
(0.15 0 0.135333)
(0.15 0 0.154667)
(0.15 0 0.174)
(0.15 0 0.193333)
(0.15 0 0.212667)
(0.15 0 0.232)
(0.15 0 0.251333)
(0.15 0 0.270667)
(0.15 0 0.29)

);

maxDistance 0.01;

// Sampling and I/O settings
#includeEtc "caseDicts/postProcessing/graphs/sampleDict.cfg"

interpolationScheme cell;
setFormat raw;

patches     ("bottom");

#includeEtc "caseDicts/postProcessing/probes/boundaryProbes.cfg"

executeControl  timeStep;
writeControl	timeStep;
writeInterval	1;


// ************************************************************************* //
